34.7680729582807,0.832913812432181,8.20663863464299,-0.998961142457705
39.7084757286983,7.60549751981133,8.15974055685309,0.401671056682588
29.8549416734264,1.20617431036824,11.0470575580595,-1.47480653235101
35.5485197672162,0.496133606739075,9.45597259612092,-0.10563468956278
9.09643459631508,8.27740243210925,8.78513372808377,-0.588014416871305
11.7230679274465,7.28643168137533,7.80371499307478,-0.387755010525606
31.3362319643895,7.63749429518093,10.3943260071232,0.247879678344348
17.4315097932308,7.66663915727218,9.33174617750683,-1.18516657219584
22.1561095024838,0.227879223930593,11.5408197914272,-0.0904488856735072
17.2911040762026,6.74111195691705,9.92272107541862,-1.67616112578641
14.7673913109259,0.213767914986931,9.53029817853271,-0.00179248092166092
6.44917025826878,0.271702674567993,11.9691400050262,-0.00799483812239795
14.0524560240412,-0.268953648187033,8.66716513177236,-0.0961812339598182
26.1064045704714,6.40537080690304,11.0891216923773,-1.78505591909465
29.8669896368983,8.11256818974168,9.19537420871788,0.0180203185870071
19.1914477609079,6.2090185753364,10.5331715980378,-1.77383460895448
12.7786814600423,7.6773311205611,9.92099928226895,0.280746208831344
20.2846798192332,2.58115947448409,9.48509232232395,-1.35962912495013
41.2333280273304,0.329575016737477,11.3274649884696,-0.034647931116378
14.0985013444388,7.31035663570242,9.74335233999351,-1.06747296795774
19.9449905226327,7.18747086869331,11.5190529687156,-2.20758954646614
11.8613001372988,4.32405323906415,9.51664471240807,-0.104642903829813
22.955633930376,2.08324983810091,8.50574126745138,1.43104822292259
33.4471874329509,3.87726082586976,10.9933138253865,0.00995027273038635
9.25621187162191,3.80477487071525,9.68610208656373,-0.857615846133703
29.3637763682547,6.73475815628616,10.0441998377353,2.24299832599579
28.9510643652241,5.69487442341943,9.97594116048979,-1.58085588538675
3.19228674681903,0.120917017352295,7.98293462315307,0.0530777355981808
37.7161539486089,3.9823840301496,11.865449785683,-1.01378329940548
25.7510405578567,4.01084692230064,11.7650609361039,0.294597410568001
10.8064415761777,8.02833914774387,9.72518370327191,-0.854708004063238
8.72029389380674,7.77617339956069,10.3654011903084,-0.0846920213876848
11.5081925619731,3.92580756307083,11.9746556115914,0.0204696906803363
2.39087854298013,4.44990694362001,8.53762087550077,-0.0449795879169102
10.1100258320295,1.03015366641928,12.0160353342774,0.520645938425498
9.9969431135539,7.57974093241177,10.4025590165045,0.0445747057586968
17.8781792809855,0.0519728430313694,9.66634461940917,0.346006967688773
38.4151272613417,7.96156761101362,10.9492344287979,0.0337060840623981
9.44594091173586,4.11549251086971,10.1745086391807,0.456705307428976
7.12525084471746,0.0788534634324915,9.47702166147197,0.0239253725852968
37.3034686581351,-0.0559544091004136,11.0361677256421,0.0914476996972424
25.4175212995803,7.63948845674078,11.4094215678024,0.478396751786216
27.5277047193074,2.45258586631734,7.98043702640943,1.32750123945461
15.8521374914807,2.84511670181563,12.7726704372568,-2.10628076179538
24.9745775740536,1.95566248346886,12.821712629361,2.42498885949731
14.5937465234341,0.834825092752611,9.17107248484633,0.766197249514098
10.9491653907102,8.44737776864998,9.15987702860687,-0.533590166682009
19.1532624009867,0.760498286801509,8.64360095467912,-0.344426246864309
7.86001576496827,-0.22280882784179,9.82964017150678,0.00442491687102441
21.2704430238869,0.131356398896806,10.7076363959889,-0.455656742076435
22.1863441373607,-0.0412800251389931,9.75186137478107,-0.0213962565314177
28.0696090885561,8.397396742238,9.81865809343279,0.142711607428413
40.3488592093558,3.37129143290064,9.85554631634554,-0.182750500305664
0.790085128715113,8.13779599607657,9.87567539280882,0.000187986650631245
24.9416547073411,6.38029990666551,9.90427712881618,1.79183978727007
13.3678873135968,8.11262034163171,9.87168052601651,-1.16517841134171
30.0857130329071,2.7057727856418,9.07084274195931,1.30830446117715
7.29541129633043,8.7258625322348,9.59853751378671,-0.357070553162896
41.7018392709092,4.51523978431677,10.4790402722778,0.0795007861920729
34.2518380599855,7.83973683923874,9.26956048744358,-0.0826196476735755
41.4097398849786,7.94973479277021,9.37967261004684,0.101065014188822
32.5055939337478,8.30377578408659,10.2612047829953,0.133287244137382
6.80297109827177,0.268883565819029,9.44600975288775,0.208348996482694
15.3632335811665,3.55588434518798,10.0833700104343,0.0037360062876796
3.34634261379985,-0.468108231589173,9.29893640800308,0.0834193828486675
35.4326911624854,8.54084165413483,9.95997523939047,0.186503294942669
8.25679184326763,0.734882795017169,10.2965913041957,-0.0332085014838653
30.9788168534743,5.64903823264276,9.01804503947709,-1.38440770812182
10.4471325765726,0.566758573596462,10.4989819834415,0.590734611036774
18.4074917107847,1.24084442874244,8.57187478212579,1.00627619225205
29.2696301177944,7.83085767687577,11.0816916902464,-0.163311137135161
26.7739925886358,3.04534842024822,8.14620508381509,1.33027764146499
26.0695231206991,5.91280157002586,10.0217430159332,-1.29764326815688
39.2020636585673,-0.00780569140947526,10.5338195340407,-0.0768421368348134
30.6740071004618,0.222359992471802,9.42997674019006,0.184556418577637
17.6008600979723,1.78186405684032,10.7263783127672,1.43815820841158
0.0,0.393341769477799,9.13777146872316,0.0
2.86097857079878,-0.132519175874033,10.5983139768026,-0.00150839277356786
7.36033994270037,4.17718095569145,10.6344484188433,0.381233288688844
6.13676075032468,8.04700135761709,11.3624608920463,-0.353770468568011
21.565940004691,8.37380340164635,13.5950029063909,-0.325782189325708
22.6510367136883,1.31876095278341,10.3250776599259,2.0442764270522
17.4820352060588,4.08185453478278,9.95886884670663,-0.0572918221539592
13.4203994248798,0.303506855374719,10.8155784718901,-0.0545338372812789
25.0502912339991,2.24024929747573,9.57862188646706,-1.6395504031872
10.6778503382172,3.44370601575939,9.86619453914657,-0.717913111159094
23.5790315575275,1.81791601495505,8.75027903593373,1.94299051814404
24.4497735422549,6.79718332781753,9.57528476598694,-1.63607718929426
25.2876179716331,-0.126893090111672,9.57294919477445,0.0598513080981303
6.73993092530529,3.45469567626916,9.92088559668028,-0.00308796683987112
10.5880520134216,3.90476016611853,10.3835520529871,-0.750083128497129
10.2127784407541,4.50854925625471,11.7817823440779,0.731838922304084
39.5048612685635,3.69838790898559,10.5160465806599,0.13210292072253
2.20668530751659,-0.379113903839213,10.5067615451576,0.0461415240579984
31.9617558963743,0.596470582264459,10.7767857858547,-1.59868743728234
32.1360316713928,2.83675829615482,9.18957117501817,1.06986460927648
23.0863697338092,2.04562403805143,10.9989792057207,-2.35512854000494
18.8848800376544,-0.0287832741840651,10.6008183607593,-0.0354860328353579
17.9741561063079,7.9896528507776,9.98050455236526,-0.0915825252137455
27.3815649776354,8.17760543311357,9.61964463782646,0.397268865158832
1.64995499566229,8.02317833342273,8.24759575758628,-0.0133035536902872
37.375209991326,3.36421327155765,8.79701500978511,1.06624403526052
6.65817547810943,4.8220000116623,8.31966677281658,0.159500049977403
18.2327775897831,3.07886021112855,10.1767032315211,-0.914300301712887
19.9574265895914,3.83356106386099,10.6256042051953,0.155548449285188
23.0178946246364,0.0876153618309888,7.91080288013608,0.248392767909262
32.6884834065649,3.23488963315919,10.2065837537563,1.46027738332074
34.6057052242858,4.12823384776837,9.70605804990632,-0.158046993054655
27.4587146076109,8.08080749566448,9.94963518011403,-0.084056698842899
39.2979100818677,3.30646199317463,10.4117867513043,-0.919406483743217
38.1417653947305,3.32453924886205,10.2744308640202,0.997397786660868
23.0892804558617,2.04046369633096,9.84419167868913,1.9890875074756
31.5368795490334,0.603391300018454,10.8888926682736,0.228826383379732
0.0,0.34696978195087,9.51305561757728,0.0
11.6066025763791,-0.134305006585027,10.3619554246251,0.574453450083859
28.8327655075298,6.43472386182752,10.1643195661526,2.26064271768732
5.4479552316806,0.125913127049466,9.74869418014778,0.179959477284747
14.467209673619,7.50019778504543,11.0230391235139,0.002625571494252
9.50283677542946,8.05441223210137,7.62505050572012,-0.329459175249592
20.9982260055033,2.64398430029083,9.04891639109762,-1.53953125636794
28.7751924177277,7.88932927902726,10.6510386429233,-0.0212504795892797
13.5246050577898,-0.247823434379827,9.38692654632371,0.0101609107581603
19.7803215932229,4.93736258005827,9.59120515165118,0.877648922463641
17.1229636315528,7.09597188923061,10.3703561332705,-1.16722119551174
29.8673833310619,8.52396501846791,10.2468203793387,0.252620986269475
41.3081882588194,4.73161975921563,10.2559985692255,0.351429027004735
33.5612456035243,3.9282577913258,9.5609914624735,1.31136146312463
36.3286274381871,0.236675344683063,9.96927236989431,0.300497000985938
6.94005722806505,3.74422120201407,9.23422589034246,-0.0107518556645276
10.1845300223896,8.12588168850275,10.3356692654678,-1.11558523330032
30.2432799072794,5.15500550246356,10.9282733423147,-1.66811611815719
31.164009570397,0.981558477672312,10.299795238014,-1.40407085325648
33.4210615325821,3.34296710041972,10.7505241319436,1.44368884621035
14.2154826973053,0.0898786129350971,8.12421541239543,-0.106964937185417
15.6100601444866,0.712067330179243,8.08509892495175,1.216068959926
8.32936442483122,0.331634171775166,8.36270443844055,0.28715387715025
31.9977099672845,-0.324679252283778,8.55230274826556,-0.100208774372157
36.9490644448632,7.72828104651571,10.8045797017933,0.529808021418792
9.89034575812171,4.01477418108166,9.45823253807799,-0.528208367039225
21.922801837743,1.54999719203016,12.0703388375761,1.64241942311742
0.0,0.865937464552156,8.52392693326309,0.0
12.2692666819374,0.292653214056605,9.68821617671463,0.99731855539588
21.933953885227,-0.128794856796579,10.1277099316587,0.140886220840058
1.72495398176391,3.8816080040458,8.62398617177908,0.0151187767557388
2.23835795433671,8.43218758953127,10.6625534604028,-0.0466001246225679
19.7494714166533,6.74766539273253,9.43955361660033,-1.59938772828688
11.561775510374,0.432699658922489,9.99393965521257,0.667740744393143
38.540957393267,3.97516526567686,12.0763488732496,0.768548682397854
5.70568383853707,0.152984979159238,10.5330961547106,0.00676558408935782
32.6807154552041,7.94482042505343,8.77058054864459,-0.155777339135399
23.0362257108881,2.20081928883014,9.14099462456352,-1.34566695985429
27.1248123662096,-0.362130314656987,9.83185431047237,0.0796120772430172
31.6572539526836,3.03555403774764,11.103169524425,1.96394017379273
12.9314648231748,0.358648700454206,10.0754933059243,0.824570182423873
42.8641258199349,4.12528145806207,9.34622972989669,0.0045468738147862
18.6479660578731,8.54500166730596,10.9370221098711,-0.494323276943735
11.6182848131926,-0.084188320492555,10.4989705372823,0.775936380400177
3.07601550957873,3.49150188192773,10.987354637004,-0.0417697624635462
36.0421136055341,3.72427757522022,10.5292051132829,1.39066771023763
3.96569437260332,7.68583256433205,9.90677576670349,-0.0103651262864199
32.1321872446486,4.92322228170613,10.6431201279087,-1.84283175056891
30.829829541341,4.87555042395798,10.746141676097,-1.5941745917325
7.03801730487597,4.60218207135459,10.2094807991292,0.0134521918485731
26.8855816574285,0.0345455948443147,7.36626863378649,-0.0160789056594497
40.1795319144024,8.2719998611695,8.93295813553624,0.255793400590838
5.12664365484684,4.13053522215006,10.0515646553545,0.189189319092705
0.37529172898619,8.06455222133418,9.3822907968052,2.15480777729508e-05
41.6027886449279,4.02055772963863,8.40561569323857,0.0104209059576235
9.48298833263313,-0.576226169079785,9.48488824426261,0.0336511935891658
32.4958797127315,8.01165858685991,9.0021941152066,-0.298550914393831
30.94868289451,3.80836045566658,9.6909644457226,1.74712903423002
24.6509385297306,3.45366798633429,8.56118184592744,-0.0361810243413432
34.2751331273563,4.54355469655434,11.0255199033644,-1.19677441786736
27.8467033465783,2.42170308256558,9.66900172257962,1.22738489417813
0.0,4.37381886519083,10.2126124028965,0.0
0.615212953718379,3.65698127619129,10.2534692794577,0.00367722885346142
26.9682583470402,1.54803802738168,10.060136506929,-1.68733460385128
15.580263435978,0.471384347068774,9.53045605144162,-0.108042188600426
7.13571602955405,0.187093986099811,8.94814682722665,-0.0240852304583633
14.3045669001686,3.91242071352176,11.6522157379835,0.14818299959232
21.5141355898178,0.231392614323429,10.8928274014675,-0.698706519160845
10.6719398544616,-0.225088009281876,8.9270012162743,-0.0530385640493835
39.6548162580022,4.13684495684494,9.11275991669105,-0.44145015511921
21.9494610503917,-0.599855003526897,9.78223338400253,0.196678876878108
11.7389939692504,0.394126774206357,10.0009880967514,-0.136533115038378
34.9784807396365,8.22847592644513,10.6955271812556,0.171125532103667
15.5261460602281,7.13175458242774,9.26936773364136,-0.830231217837972
14.448869255204,7.27616974395051,9.51324249453625,-1.43037084925027
9.17869007308423,3.87696468066142,10.8842432573972,0.110103913781794
24.2724664029337,6.29262678655426,9.74738065494216,2.10965923940609
3.3135641624227,-0.141586815877942,10.0412029344684,0.0980920278785336
34.7105695908559,4.32348769912085,8.49143177866915,0.29944353723055
34.3754686682072,4.59276241162971,10.2518504476675,-0.755818973343691
15.2032442079008,-0.327936726393896,9.91834056488256,0.321164084009647
10.0393401072893,3.53761863389023,10.1042112470002,0.0454882289755031
16.3583362305452,0.774739920084776,9.70978170548248,1.5405510645486
39.9670615370689,7.79508002153666,11.0045975808355,0.525003903119938
11.8004439405085,4.3959069203672,9.91596625008394,-0.0818605328310881
6.48346291360365,3.57239967513178,10.8203443522712,0.00322354545530102
39.6520880212813,4.52856377218276,10.9542523009827,0.715811625252149
22.1941726993561,7.64023880411133,9.17810279094514,0.0674325482463651
31.3618744120279,4.26237464711236,9.96973600048702,-1.71954070958517
24.633828843705,-0.0223931494956064,12.7716753953774,-0.314875331607511
26.3085643310652,2.23018966665175,12.1766787403393,2.06020097769132
17.4557398838423,7.11544986524905,11.0832164543602,-1.36847853724755
36.681322700911,4.21978992994733,10.268525469071,-0.0196393711436066
17.0704154341318,0.101991697830599,10.6576472607839,1.34738436355659
12.3150235697518,0.133115885857197,8.31949894573344,0.0588835894764763
36.0625915561671,3.5949928067181,8.96477061946707,-0.119338498898345
9.23155671077704,4.32386964627402,11.004219222466,-0.772504338000774
31.8610424719663,3.67812568133062,10.5923156273925,1.33817183594393
38.3639720721242,0.110907626560773,10.0486593216731,-0.565721722555138
2.39732651550847,0.144032854483364,9.98826121207833,0.0355331145888556
21.9092174134404,2.74664387740634,8.93038934516864,-1.43728905476422
14.5757714185739,-0.198147817368812,8.46570660086234,-0.0804013479707944
18.7276645659513,4.31407687056758,9.65498335640189,0.344835406035763
22.3763058368744,0.268036454879772,10.075667458604,0.289526450430367
31.7680919167445,8.87929536466363,8.97964553975665,0.330915359008592
20.204825142016,8.63469520390204,11.2325059949924,-0.0137321409047457
32.3645210018069,3.19536329053976,10.5517786936263,1.72403270234497
9.53494887015237,7.77148782980979,9.58935576728804,-0.540209854244432
40.2088777290438,3.93008118586142,11.9627524585062,-0.034668730498594
33.9297055060196,5.0783669718265,9.89583102339189,-1.33542858619671
17.9523682296125,3.77148900014497,8.82450344893285,0.0464377046631934
29.1843963093937,4.32991885352788,9.68680180595604,0.0197005680071683
14.0229460512786,8.11070236878328,9.20037985322801,-0.0016400760108029
2.30710084242987,5.04730054508572,9.61479798276123,0.0398256077796308
23.7708064538257,7.05850412784432,9.63553330336319,-1.78222781877285
0.0,7.84087157963814,9.73713902552378,0.0
40.1289766384343,3.51210288417269,9.64379946840958,-0.529106131141497
19.3166762161596,2.79693209973058,10.1217206874409,-1.21003616310668
12.6511816261477,7.62082857257849,12.719181384266,0.0449768976960783
13.6007444376446,4.2519779347491,10.3591186941586,1.22247958735798
15.2043552466445,7.743825786667,9.31864328963652,0.195714100873124
7.77154671429369,4.27124155751544,9.65287031726473,0.392174186754378
34.4794914866277,4.13445587038204,12.0561148607672,-0.239443847960867
4.04919464456842,3.56826307024297,10.120274009148,-0.065083051428007
26.3468605156625,2.5926000971693,10.8219559126754,1.74461802398052
6.78309788375167,-0.525165056063142,8.91369285405591,0.313581837464063
24.0804840404926,2.35061596742872,9.55489289168412,1.89017796994475
13.2354332750257,0.190019553552994,9.9780667159968,0.0494109754374421
31.5251315562781,7.45356100589025,9.56087533913904,-0.428383377518693
0.355621842143197,4.83180897800583,11.8541458549242,0.000910587304069648
35.0497688348192,8.2478268208522,10.5300759778822,0.150686274201466
24.2718369679022,6.33987791954362,9.88313348469571,-1.30991240890536
6.57697079215951,7.98264943087703,9.64599740092063,-0.297473356746068
5.64491219123591,3.64284292644578,10.0626898958235,0.182694284435408
26.0363502426948,7.89897643084691,9.04482650328648,0.286930120988316
37.4587758105094,4.33376134365509,11.774578247193,0.0935347535029469
7.43397124301331,8.35460754952432,9.23270398804637,-0.403737135326518
36.1721645333499,4.51834246204236,8.94999532044606,-1.24769080987935
38.9287543310952,3.98413040991756,10.2141481044707,-0.287541543743431
4.15829100253078,4.43078097531366,9.4749195346957,0.0725761473438176
20.8978240133906,1.47725591135711,9.76513533509312,1.41130514124346
14.5349726818054,7.99961501519762,10.0732588700294,-1.13396387241337
15.1751398696305,7.56935656411435,8.14121928672543,-1.03985981811875
12.3624378484258,0.170873080302012,10.3196217683951,0.784780246240171
7.38192380708015,-0.317030906826863,10.258247680396,0.0479374173965158
27.5587343334775,1.59059801414499,10.3423820938232,-1.81117103896651
31.3148648393676,3.28570757454828,10.1810362220136,1.00693376044242
28.5430467616537,1.8464728215555,10.0591179480879,-1.35865767644635
20.3555384102252,1.38716929829435,8.32162267447682,1.58665817236414
36.4457669891588,0.0705287690462824,10.8572266669434,-0.0101834251361252
3.78065806832553,-0.204951741337989,11.4614635283723,-0.00752938987506844
22.6900682310025,7.9860825891989,11.4248046638632,-0.049740477598598
35.3551751900216,0.423254256377197,10.0115210183449,-1.09288221507495
0.977746639145344,7.8465084428739,10.8635404176253,-0.0075746325050531
10.3020131209091,0.202745704459444,10.4106476825927,-0.0321054887586907
41.0989915638633,7.90415518623676,10.7899523215518,0.218602027610089
0.982142276346651,0.313492470637673,10.9124898634627,-0.00090326049113909
36.230674027083,4.95157459560899,9.53271581971531,0.25154510077708
29.4474178354919,-0.210718967118128,10.0462483343197,0.112722503247935
3.38324398309109,4.2349235551826,10.2489010232708,0.114312674591784
30.324571569254,2.99810411806913,10.8179043079319,1.77221384920211
20.5664065592644,7.85245494891451,10.2555378347042,-0.0184015038853936
3.99896473306483,3.87183863298323,9.99489886207977,0.105239251530508
14.2069787609034,8.20491749066048,9.69957131655722,-0.197108311090871
22.6112310633528,1.5785021076281,10.7684455731858,1.85465858226697
32.9659111451306,-0.524656345756075,10.5941546154421,-0.228762112251965
18.5639938030142,1.24146545808099,10.2597659754104,1.1535470440968
32.023270678336,7.40787043360208,8.98448389024183,0.618834136597961
29.8146744696899,8.09890596058339,9.9762662910648,0.306787338305672
1.49194370053965,0.357022756683426,9.32328335836634,0.0149383586601901
30.3668030719148,8.09080852239271,11.7274711409791,-0.0393119131588677
4.516128426896,7.75097711310015,8.86973816172454,-0.183879665534485
11.1811904693267,8.14291726828088,11.3173991373692,-0.627380101805894
24.935446716683,5.26329959986028,9.89639645291657,-1.75976519952779
30.3917873004565,7.90942713645244,10.6635725066644,-0.333733619209909
34.8160223842617,0.172426833043502,10.5870186459023,-0.0584261163677943
16.8947359094214,7.2169298138363,9.59726697184272,-1.24326166761551
14.3176976846759,-0.0427485851401806,11.5654258732305,-0.124819580032457
22.526496809447,8.03170270059379,8.39386712876637,-0.221011137216786
14.625177981899,4.86672679856483,8.81136682995754,0.774134374378342
27.8642584844932,2.26017221186769,10.0605728724065,1.49235641280568
7.5889406832118,-0.341953819792641,10.5349581404747,0.316726223416001
25.5136503676912,1.81643898648504,8.96697214480827,1.43813966849289
36.5278468669166,3.14355070003645,9.15395050749379,0.497047380495853
5.87957560771415,0.41462477687833,7.84667834207845,-0.0314198114689061
1.54974557446644,-0.630402885340703,10.3296189155778,0.00344053494079365
30.8091187759104,4.0097297161526,10.8971996558526,-0.0952574176731646
8.75216283042027,-0.240971824080256,9.12183596691921,0.262544900228311
16.6087220166355,0.380735343319269,9.44601163262029,-0.0517317331532566
20.2527324755115,2.50869201236086,9.70685369994735,-1.5929207699022
22.5845927035143,8.00032743542452,8.40093882162005,-0.0235667367064215
26.3115535213979,7.66945826654096,9.51172119155065,-0.444680798282371
4.22963775406761,0.287878725039425,9.62324861076466,-0.00181514092738853
26.1263415316481,7.6032837833101,11.0720996596527,0.121736155899807
1.93792777190239,3.52971023991643,9.68887773553225,0.0049819997579372
15.5581417138161,7.54364175976966,11.3277947407742,-1.6445881159366
18.3174145003461,-0.321001164842266,8.81852606243219,-0.0259256889085202
10.314849421756,7.82621632700903,9.19367102391571,-0.557526830288274
34.051478949659,8.00085869057606,9.61041514666713,-0.039697937686572
0.0,4.25518469204296,9.4517478548312,0.0
11.3686782676348,4.45218354949517,10.2047806565293,-0.103273253035888
47.3134815230148,8.3537467354199,8.03191075380323,0.00995717954483023
41.285656827392,-0.844879624809734,10.4950776682314,-0.043661281804031
39.694205014615,0.059629088581326,12.5781731366045,0.0516439860248165
10.8307178456809,3.58655101888514,10.6988324548678,1.06285238123157
26.3971580001216,0.100500680011638,10.1246085056556,-0.148520501177963
15.2126791764138,0.173354234521416,10.4247231883869,-0.22306760252377
6.92083340985442,4.66335618919557,8.65585383252678,-0.314056856810234
7.05059871102122,7.79113325878312,10.682609162953,-0.2826558407086
0.0,7.98649938871115,8.22204793552298,0.0
0.900176543932143,7.66797038296265,11.2525904094336,-0.00414144758447293
28.356671357267,4.77431839244868,10.2463951781824,-1.15389810301339
26.7507586400837,0.0856912346828343,9.59021002956414,-0.278305301808309
10.1034699650082,0.131871899675577,9.35214211612499,0.0233746848771277
40.429497415489,-0.00774660583571248,10.3808908728925,-0.458589980539016
20.2077110535964,1.57502345159945,10.7008867310619,1.87477985125721
36.0446412828335,4.93231887236617,10.8376249590397,-0.925844128565131
30.3038547832897,0.74842856278521,10.173078864706,-1.18364547331854
20.459645428206,0.143881523158358,11.3350354698073,-0.360514793665877
30.0686471197356,0.295633082592609,12.2997846897011,0.348766124853743
4.00198612591544,7.25803734877833,10.2431663508261,0.0227790199578798
36.2922606960037,0.366560755626595,9.86870654740449,-1.40071527523953
26.655732829199,2.74727718210193,8.76570657415722,1.79045363055384
1.510167662202,4.26519060095921,9.4376720496673,-0.0177431646233526
11.9665339038151,8.34001106078158,10.5239500434706,0.15116689440168
8.48354346077972,3.91817259969015,10.1080422687352,0.378141118292644
2.57008455914985,-0.0272462072379708,9.17736266432071,-0.00101157282785077
29.3005573463655,7.94098112649093,8.22346201103822,-0.193915023935938
15.7652657331993,3.74103045360018,9.3259864324133,0.00326503224976195
13.4126509427447,0.610306091363874,10.9170252035154,1.2858385892517
10.2020947154649,0.301240796628485,9.84664846329764,-0.0617489632037479
25.3392125341513,5.68549396145669,9.55794277636939,1.11870346200583
1.33491366151,-0.071338729840209,11.1230909540435,0.0106274730149087
31.563353141052,7.9500809484298,11.2434640807333,-0.223382438115832
32.5590022626761,3.63648515752161,9.52042878134326,-0.00741736215904954
0.878882679740812,8.2585135226058,9.76546914900902,-0.00754818239979665
8.87208975796672,7.82548305148743,11.8736158314788,0.138144915972761
7.49671233181236,3.67798536337679,8.4999767376597,0.0548311192439894
32.2678666734308,4.82113782214855,10.1009340278276,-1.76954386379977
36.1323382072925,4.81773837536355,10.2211431973612,-1.24118390076243
0.0,0.194038063821841,8.88502380517772,0.0
23.4979816976139,5.91417270166223,10.8390078400731,-1.75777017829695
42.6702738307452,0.392215807793222,8.89823334781448,-0.120756818619174
34.9008252666747,-0.291512893891765,12.2880301176827,-0.0833527548291633
20.9403005012645,1.16921996308035,9.65296386953686,1.59078443768233
23.366995691516,6.1756102567663,10.0892704255878,-2.01897780501111
14.3960893714943,4.77195817247682,10.2327423020812,-0.237524365766426
30.5277953771403,-0.343808226330957,9.95713488260168,0.170556430155331
17.2073498089667,0.79517260921248,10.3597137405268,1.23233698718807
3.82393857483815,8.00071272394074,8.68831016594289,-0.00625315491894974
17.8102980029585,1.25687011332683,8.51251401856129,1.21657449007267
0.781463280872857,4.35184846795316,9.76855652207012,0.00323559144420864
30.3568569079777,3.48538971556556,11.4901525902751,1.60445424355651
24.6925941637422,8.03095549015425,8.45313002286461,0.353707083487275
33.5675949802118,7.73711688047407,8.98188856340532,1.33934689442744
0.67895803880312,0.568644445479092,8.48702150567478,-0.0003726622319549
31.1459426849522,7.81607321508197,9.48255746488627,-0.0784648311457544
4.79875307211665,4.61889569347823,10.0293300798602,0.00312122661312816
5.30431089323279,4.24664293023099,10.3837851259532,0.17125924679785
17.0003560639134,2.96634026544028,9.90018217406044,-1.24016747654696
7.04345398716939,0.0776067888080496,9.29513392605807,-0.0304581694485561
27.2316666430118,5.62479526133609,9.33046288099477,-1.59426494039806
24.2729324248907,5.2156689392712,6.93316935154728,-1.25744440307458
6.23513518355344,3.64017296403655,12.2645926788323,-0.248772443245331
36.5476538115566,4.05086531274756,10.503483685293,-1.51020329495204
32.8702337160077,2.85845390417185,9.40089455997014,1.14093995053135
39.1061944026799,7.64300964476125,8.24020055952893,-0.123416209637802
19.4334151458821,2.12644030143967,9.6238700731743,1.26534363427414
29.3964743280019,6.92401973985003,9.82758826940499,1.89533143544929
39.4191041520777,3.80816701324453,11.2475193489916,0.706232509251775
30.0840287483227,1.17893718970968,10.7415990307562,-1.73935300391204
0.637791822598465,7.65321941410687,10.6299308921396,-0.000154611750832345
36.0050241151859,7.65964781279338,8.98486246326903,-0.0281637393596636
21.1760703610353,6.27573375748624,9.7075111469103,-1.77402539903256
4.38055431117392,0.36892699677637,11.221673320663,-0.000601899216616489
5.39313928400177,8.33864774623344,10.545160328205,-0.280863456901946
23.0650676961869,4.16643684849697,9.75757395642382,0.201058994855
26.4920150769023,6.84001556079734,10.1723141707234,2.10550712465888
34.0870046645239,8.57315210659025,8.52198261258653,0.110085438621355
28.0584704587008,3.00969357037639,10.2566681938412,2.10493266595579
21.7940883248977,6.30629186156699,10.146407407215,-2.04284516714588
8.15508787984307,4.22341327683241,10.4921826011784,-0.0613819215716711
19.1370343730628,6.90692659030624,9.15191738412966,-1.25118878100664
16.7202535664197,1.04322030513841,9.29728006069126,0.787286358527489
23.1122112456078,3.78625203843589,8.99578681688121,-0.126430275069579
15.3225447076048,7.29325501136795,6.86363198948774,-0.776213362566947
0.0,3.66221943872082,11.0788249766862,0.0
4.60313997949548,4.0902687604833,10.2349726013603,-0.155282347312283
39.3517494646925,3.69639483039043,10.2722851033188,1.09401341002909
2.13387161178878,3.79142361387344,8.88839520501435,0.00073643652338492
3.37576889886776,-0.244540276382554,9.36882967115293,0.106446260528089
20.7697122029457,6.54115863402338,10.4608311623445,-1.50556836707543
18.5372331802116,0.677460160966324,8.29443187368738,0.911917923456919
11.1471002370943,4.59747592711214,8.71557950375585,0.473482277992716
0.0,8.3536378817581,9.76494866414189,0.0
1.84944131840921,-0.13779728651745,10.2756739615851,0.0397732519843615
27.0501503035326,7.47277570465636,8.64912975511449,1.34838675521336
13.8780606694749,-0.00877381792180446,10.5498903209064,-0.0689153844678551
14.3887500078179,5.1666153584549,9.99338491874732,1.21541092897714
21.2435087124065,1.50994711408117,10.6112964702138,1.51475000763673
30.1688721984409,7.04805262354374,9.91498159523285,1.81118492050246
34.3468886714931,4.02287538332336,10.497129672775,-1.2729911204621
27.9612523169751,4.90007059073359,11.3197739959671,-1.90074426161944
15.4637616916004,-0.127531276370589,11.5005889703921,-0.105520087061257
29.4212787317303,2.37812050876217,9.68122811838578,1.40674749059322
28.7330505686848,3.86309487283048,11.0091022139889,0.0561010002179327
14.566837154181,4.83190451838203,10.1647659779133,-0.101022579655683
17.4324406012318,3.93641594239473,8.5049811180884,-0.417407602258388
35.9710640990498,-0.683657416301771,9.07556135795985,-0.159190623499996
29.1961762981562,8.09939461518367,10.9739076350602,0.39908809438788
33.1283447578911,4.84202732478994,8.28086901566131,-0.596739201771366
17.1725893523976,0.429827844819716,11.0003269218467,-0.129166389256139
34.3229298897986,0.325394951476833,7.98221243405179,0.239123702632735
12.635824334031,6.63374577259911,11.0259720908713,-0.744722754225867
29.9282970907564,6.31973782701076,10.3877268928485,1.52114693093612
35.767648240519,4.30160221984039,10.0032364875882,-1.12949054199846
13.8865086048405,-0.52501477330281,9.55639738983472,0.711784946668423
8.87944313389393,4.65382806114231,10.5475282246416,-0.506209038113898
22.3950363794467,0.0633672304739622,10.3540341504166,0.198207569352677
16.6538415741817,3.80773335614657,8.7031610087056,0.067817981157233
31.8210309368001,2.58609147470949,10.2022583890403,1.40605742756301
8.32393785952638,4.39106306674778,9.86557475878434,0.423438114453071
33.742471210361,-0.113935108578809,9.60034318639588,-0.0560346876861203
10.3703772032188,1.01916680849324,8.39959788759831,0.452925437924976
12.8219656199478,0.404786729868239,8.67298015235226,-0.131730473492112
6.65589921786223,8.66717106879469,11.1286500012673,-0.128042691552771
26.4036436815328,3.81750891405323,10.9771340322387,0.251264169735223
23.796432842495,3.92560172409251,10.3221071651163,-0.0539725657105229
21.4407457916341,3.6802226026982,9.2542737254243,0.0659451852179109
32.6195559517581,7.90267005559526,9.7911604808207,0.135027715188946
29.8661359610599,1.36960572983586,10.8823710866616,-1.48879862976797
13.9773164708464,3.01070248206449,9.61280529039544,-1.1928411516554
18.4323072979615,3.54647900736982,9.02165946216433,0.317090316879207
3.71645651231157,3.44915642361921,9.2980603835361,0.0868002024647789
37.3191992567189,7.23791638265801,10.9399199576773,0.846734412039321
13.604570549876,0.705356800278583,9.67505413359715,0.997446421544613
40.2057990419173,7.66364792943111,9.31887691798265,0.32637001706063
44.4786078774345,-0.0549510689525937,10.3952435040396,0.0402327660177708
34.3268845811704,3.58285164818143,10.8168903995691,-0.25910192770277
18.1877828183801,0.833040855201477,11.3999930264758,1.4310925687341
2.75928394060294,4.12643816908255,11.4885849237039,-0.0837865507045014
17.3689555805854,8.05093677681914,8.56292227848895,-0.0623850534792308
29.4064047864845,4.49918314991029,9.76466806518262,0.113655004465554
17.010786892674,4.87096251374786,11.3325168836698,1.39572491801083
22.5516935115924,0.0972650607723829,9.76654370516699,-0.350054441324115
8.55106368805179,-0.780376890340051,9.79634227666348,0.0915969676280413
6.55170514741635,4.71668261806996,8.77015553056147,-0.192784060550832
15.8090291216758,0.614719225858368,10.1209969294254,1.08125504597822
5.03449597424459,7.94342541879075,9.8853552019502,0.0317750504164103
26.1187281283588,8.08886579387623,10.879951447898,-0.00646233616478379
13.0167663898368,7.91543061160403,9.53252036813039,-0.171923501092647
0.0,0.512751981620836,10.3664829084899,0.0
38.7046704120692,3.66936135265,10.232068294442,-0.920288050025394
15.3078873414148,7.41029736423291,9.47431046616289,0.239006707001548
40.5666198297108,5.02828127245915,9.89072596356302,-0.138513420209851
6.04597081313605,-0.108351837295559,10.0595169679198,0.380216876924639
43.048404180827,4.03797741867913,11.6198319923318,-0.277197356280447
26.3623082812088,2.88827152899151,10.1104508499348,1.73933882945512
1.74186573326703,8.0452960963661,12.4413477606889,-0.00233759844539926
1.53053953547273,8.0058420182961,10.2041788054539,-0.0158171295556382
26.4767895904118,6.23386323312823,12.4633411893212,2.03537540443065
26.173050143084,0.0825258991463845,10.4251279646602,0.0644533435193536
38.3283512476404,3.51859364915587,9.78340194334675,1.40109564706023
18.770053416779,3.93056249000673,10.1528089754222,0.0209974431242161
5.68213080394291,0.136519944776225,10.5455915850924,0.00783267578621267
14.9441145382884,7.16983150332209,9.15558068252286,-1.30617684856772
15.8928754318459,0.597903530401077,9.10441045414612,0.733145861684182
23.4332106298111,5.70588987225229,10.228034391359,1.06951923183775
22.2157639811612,1.68354239189985,9.94213532446306,1.68437853700363
17.4613757248636,7.73640411537247,10.1612567248577,-0.0377366057543277
20.260616292382,-0.629074779017554,11.2826570608945,0.0830940702739039
35.352065053652,3.02964164191488,10.5695655021908,1.79565598451688
4.52789395662528,8.10995470741994,9.44296017173973,-0.150673693399586
19.7174764012234,1.0678667662988,10.3886054069456,1.84481977195744
0.851903046159268,3.85054055264432,9.4651981039573,0.00778493095478815
10.4487933347786,3.81928026690032,10.2317426042873,-0.0730506145246755
3.61081358897058,7.9427934346061,12.0232428453583,0.0161249677025344
38.6739761082073,4.01281560158877,9.53818474659275,0.152972451761258
38.8135178924164,3.10232713134988,9.80053190818163,-0.523295045070598
27.296247833459,5.90031038496243,9.10340272646924,-1.53503268459605
30.7647986494576,4.72460905014614,9.90442358847216,-1.58234958173731
15.0940505034713,0.558138334880774,10.2637735903973,-0.220866735398912
42.3994372237249,8.43832083635553,8.68178070162537,0.22581061717468
5.9294753203929,4.53655938721064,10.9870299143989,-0.0561825381723221
13.8925478606189,7.67265847362458,11.0564803173209,-1.73604325552281
14.9073714828316,4.64574807783835,9.9028794301493,1.25084761087168
27.9349419848054,5.7710272233811,10.4220768418889,-1.58493520664204
12.0193153863243,0.150716980766389,9.47649332421888,0.829825298010839
20.1906258936315,5.61996679567999,10.514901522047,1.53568841801135
11.8732053943657,3.64980969454071,9.44481460171708,0.136987065464847
16.3550825683858,-0.396029682571092,9.88136983978434,-0.109599632277358
28.1363942891836,5.42799160019576,10.0349025101348,-2.12952700130214
6.21064379366376,0.573874810870703,8.62816051883919,-0.0147255291776279
19.6881978492063,3.82563609221055,8.86440138732918,0.284269514649776
21.7994554316359,2.39148149654176,9.91468886345354,-1.65910068346283
2.96846246313064,7.99200933283833,9.28074287935168,-0.0451300553475127
1.0620873894665,8.2207690557092,8.85154117862748,-0.00986406586868324
39.8448939276062,4.08075359534729,8.88903240667532,-0.28245272054865
20.4491456005624,3.78088450645004,11.6677412261213,-0.191170736897809
0.590436299232697,0.13772695998841,9.84067182423116,0.00028084912293627
29.848924051704,3.71812666610789,11.1549504265745,-0.0816250439197887
22.0490498765714,5.9191687798735,10.1405910690712,2.16879322154142
28.6652341746239,2.05201410812727,10.5590696833119,1.87616475241763
23.7217261658886,7.89611642952031,9.13278186999243,0.101755065147559
33.2398547533516,-0.431415178569746,10.5158739939186,-0.0745402159967216
25.6956957555009,2.03475529079414,9.73168386078636,1.79213486708326
22.2897239936974,0.189457268653353,8.21719366695336,-0.352345041253915
32.4195071059196,3.15156539264739,8.06753711576496,1.26323607059477
7.33651559197098,0.250788407154457,9.18761965462405,0.0196154450860662
11.1692922880663,3.75173953578737,9.9808334278097,-0.707156605827118
35.3841107230426,4.49837435544314,9.08870705492479,-0.469677974076861
1.41712228137651,8.0828365434745,11.8097362469542,-0.0193986191426722
29.3293191892457,0.0883660569280726,11.2373137563137,0.111931535446097
24.9155697725429,1.98186788804252,11.3731553476751,1.50817411403318
21.0015984990269,7.65626823708612,9.91157555448045,0.0468988543619584
3.23312852246384,3.84364884408705,11.9791187962578,-0.0948829044019238
29.0445336011719,0.929072508193764,10.0476527103628,-2.00107407467565
21.4591989474068,4.21840676743897,12.8647514185999,-0.151492141923095
4.69520293504383,0.575463368611507,9.78173923692378,-0.0243770010752898
33.7058234688023,3.64665109609898,8.95721602257486,-0.196162235391716
31.6300310840327,5.19936584666758,9.15655129165974,-1.61823599937683
18.8679667496704,6.76379451966625,9.50144487022577,-1.07650674519915
9.15986708436403,8.08244503437027,10.124054345929,-0.545233550296087
16.0389402868248,0.722804946931785,11.487636161997,-0.0971180324903256
17.6470422826738,3.0171159325076,10.8350466168243,-1.52430209686247
20.0426790144269,6.80523233844825,8.59694913554565,-0.814949450145682
39.2099876835131,4.09289626805969,9.77471544616743,-0.107786799949114
5.2952400339651,7.71883258974655,10.3909156221256,-0.188920749923082
30.7089764553248,4.34748692630823,11.2623026786425,0.336751302682443
23.7631640701236,1.49944234792221,10.4159654993634,1.44674393427525
26.3806380136346,4.09946451742916,7.96542289078737,0.296320653859173
18.9388210307534,0.20379274282471,10.8842053420905,-0.224118179054803
25.6639642739226,2.16330805985963,7.90269644379227,1.08866516279155
31.8750219198836,3.64452801677193,9.21418611216807,0.791681779437484
30.2643916591372,-0.574476181660068,9.45824419703622,0.101983445442338
30.1826514860301,3.33386228559708,11.5408875792531,1.65090142133565
6.6234870981128,-0.251418954092698,10.5367072423441,0.399567281877823
10.2879049291965,0.0395275993652127,8.89404530184166,0.603592763590958
26.6526501551046,2.47702819503337,9.79313131932869,-1.55131881958929
6.96724241805719,4.50856445704665,10.5736033239885,0.23245646445053
29.5269572723586,4.96331740960173,9.22574598397834,-1.67001777830162
32.5124612796647,6.18971015565528,9.01949290886757,1.18905102961665
7.15121429820656,8.92667121552979,9.44182065683363,-0.368519271309272
8.57041958665393,1.0593770452855,11.9540718188016,0.573448377304822
37.9045797661031,4.07237615204731,10.772960130002,-1.01056662739749
26.8940663953399,4.42492821114968,10.1865620804621,0.159505598134192
21.9908280716337,2.31351333734619,11.3944489627523,-1.73656402773178
11.7642222048445,4.37156090498644,8.65419387081225,1.03227958828733
0.578576826288301,7.40704235216818,9.64321141969301,-0.00229431558119796
19.1064638238707,2.80365823051888,10.4167844235032,-1.34535440436812
23.8636969236708,8.62690035514585,9.96835476060742,-0.0706892310953192
0.0,3.80020835530519,8.77089898542398,0.0
37.5312369076235,3.59506955360252,8.5531827987977,0.0644168307570788
29.8939358690214,-0.140179102429997,9.71339944439532,0.0186582177417268
20.334587773024,0.148436940088877,9.67534544546979,0.149551503078365
9.06986450098797,-0.223648995546543,10.0327969794211,0.10182408541319
34.6575444663096,4.15789958384883,8.99291039176953,1.48987312277709
17.2237921076403,1.02556858471493,10.1626901594174,1.24363232477482
42.2470734297715,4.11588506150673,9.78628736297175,0.632551362206719
7.91618968316013,7.33907565229967,8.99173344200523,0.0905233286944684
1.85916248081762,4.04139933872696,10.3320751779159,0.0300261229956854
25.0354833064786,7.83475293493459,8.34742333877365,0.0171069106941563
18.7508725155277,5.1507738530538,10.1385664476847,1.24380795930416
40.1782813157668,3.26550599504137,10.874805108827,-0.331053574476252
15.6835732140158,0.169042720469805,9.55635082123666,0.237954720748191
4.7029841875274,-0.216259837460838,10.4605238893523,0.00340266673343667
24.3007058137825,8.13018067921618,11.5688745505212,0.322874739903085
36.586714593233,4.72714623310357,10.0204573025291,-1.18905156018915
13.9865450043749,4.70233817177679,8.51695227826215,1.07922953874417
13.8448918250299,0.321964113685396,7.98897646065944,0.692314477884694
15.8377430963386,5.1230648981856,9.85468926448267,1.18875625897114
12.015656783927,-0.841080050143553,9.05785522495904,0.109806769084794
8.45568799259417,0.102580605951533,9.60383922040741,0.103974009306037
0.352560811461406,8.57892063763938,11.7520658858961,-0.000910330688745404
13.587531194132,7.61464204366865,9.26287476799792,-0.7718891944727
23.9218931820598,1.44529567806719,8.79724263876637,-1.88947623005167
26.2991494389666,1.52955787010613,9.6488128028798,-1.29361545638193
14.7869918802276,3.4173066572085,11.2704386312392,0.0596829299247822
7.75778530087157,3.29461060519676,8.43336768702152,0.0823240798934172
33.0284801170082,-0.0647584905899816,8.30927756633206,-1.29911868496415
4.45166805553971,3.65347503801278,10.5878736529204,0.173457100727021
5.07742516285214,-0.159767540562867,11.2945275529176,-0.00905794817376586
14.3008014943879,-0.442931227309339,11.1986585226341,0.0438929205542561
33.0037352709145,3.89198430011752,9.74306601633806,-0.222694683677218
18.3552822531816,1.16090644946237,8.44422023738413,1.00704110893589
4.37843260626308,7.54096548693025,10.9555817072402,-0.0726625934790429
23.2397098424166,-0.0991233618476275,9.55503578290012,-0.176709381312566
6.74828602841003,-0.0234908853288509,10.2028275079674,0.035417712231036
21.2832069687924,5.70419289499062,10.5150208175652,2.13453305270497
0.0,3.40312192859039,7.6047252802935,0.0
4.95806709626015,3.92618200186723,10.344972542384,-0.215526017288143
21.7234488778134,8.20004958373858,9.7188606596829,-0.00528260789864535
21.7149340720467,5.50361691679194,8.8256278007608,-2.36653445767545
13.0602176284748,8.19567188129675,11.1727488364306,-0.896384995360061
23.9934546675201,4.36157783035594,11.1581721208953,-0.300199754629734
1.13772283263973,-0.684360853335254,9.48222406984902,0.00741779371854108
15.589003768245,7.43330280587089,10.0475158281816,-1.5234221089799
25.1342492768187,6.32664407785447,12.1643001802593,-2.17500279574797
3.61053143664522,3.7446288403945,9.02654623159142,0.0762725175504972
3.65464031629297,7.95058815972225,9.13488322754723,-0.0969163849449929
14.35274535423,3.80122419078561,8.0870844060067,-1.22431276354537
35.2975025256127,7.63802405238036,8.3806557492167,-0.0242046392573246
10.3252711803689,7.39527959304117,10.1432114870238,-0.400471486212438
21.4554198299083,1.71307143036561,10.7996819715556,2.06607962618512
18.3830815875707,8.10427251638236,8.09837243702748,-0.12287801415665
0.86580782074612,-0.654639011523974,9.61918767143393,0.00830269492685398
5.91340169160821,-0.104289859091483,10.9815535027533,0.425290679788734
36.1117722359053,7.85754413695068,9.27147510102963,0.544535521773992
20.9752746869461,0.0366270878270693,9.74595215871447,0.239289876670304
32.3960819629515,6.86297090564968,10.27436524776,1.28994113034901
24.0503216372734,6.44563790092092,11.4349315602725,1.57737365823518
21.6379535549489,3.74538370499272,8.39009713361936,0.1258635744195
32.4754489080221,1.24015190579115,9.93720551746567,-1.90067144198307
36.4979917246492,-0.283914006500402,8.40670468356578,0.0327485238895813
7.18910616731498,0.936067120996073,11.4002271032428,0.186452874233166
3.16594198011742,4.81079163828357,10.548308188409,-0.0760442777860112
18.8780542503238,1.00056020176056,7.75889454839297,1.07285115690341
20.1613011344926,4.06375918316019,10.0475386809322,-0.12061301723159
41.2737285380043,4.55784020456718,10.2938601307737,-0.123577192964285
27.7165359880887,5.47004128034993,8.13765272523589,-1.24505900363639
6.15712046520555,3.48251388259758,9.57618757529051,-0.187388079518494
15.5164892905956,-0.556200512171575,9.45017404828948,0.0646911965785321
6.55438328380323,-0.0154151855852393,10.9525384772801,0.368916830022775
27.6266738225585,8.16730098884144,10.4530989841835,0.0927534399665865
42.5245347040057,-0.296009569707803,8.80647725089135,0.0177074820636571
22.5098993309681,1.43554356792516,8.18837214348246,1.19771356275434
21.8784077281001,7.66515820491555,10.09125505406,0.346350515628614
31.694408556646,8.09786771666194,9.0424659090603,-0.0745165089288204
23.1016882051175,7.80237983042945,10.8394392588616,0.417064709705707
26.505713775906,6.56257339610455,9.22911080433888,1.66159866658142
36.6045157685851,-0.214278221696454,8.39497590986796,-0.272977452673126
34.4264103253886,3.46859517793472,10.3068088972639,-0.192945374481216
14.7629052272256,1.17425284002058,10.8346726665846,1.34521868973404
3.71907049912285,3.89669206689233,9.2965286537254,0.0667023740855516
21.9062401165185,1.53569624823637,9.49478094273942,1.44741267864635
17.9807694516485,7.05021833726969,10.1033788122386,-1.19420414724129
13.0825086627048,0.462504738330826,10.5655380880438,0.976460711779236
38.3636528529699,3.93850113460332,9.847811422466,0.688443856511342
4.34489592956197,3.79099995613338,10.3244530688821,-0.128164473084929
9.44383666147066,3.39147233012605,8.47480510968755,-0.477367263661441
18.996133131613,4.67404541598517,10.6011559785597,1.14723205335285
16.2928170063315,3.70856936648313,8.34548889401526,-0.055929110646598
8.63794438265826,0.389139149203983,9.01547571859778,-0.0230032188586352
9.33497217354718,4.16721194815803,10.0218993734652,0.473782802314478
28.9780027933064,5.02449449943156,11.7760606215876,-1.57979948983683
37.3433424862186,-0.537085561370253,10.2532550466841,-0.0637932326482955
0.0,0.379538669602142,9.66199865944351,0.0
17.3786457328353,0.966021674635113,9.96098356663583,1.63589582970509
34.6966262114247,0.715381226525233,8.82400209931248,-1.50068918084753
19.9642613738583,5.46905610157857,10.7830995818571,1.66222530863001
12.7172657614725,0.458920385844209,9.49792798570939,0.797166326260074
33.5998714827075,8.15522485319923,10.2395094115409,0.107536979891813
1.24664198922052,7.90697704958876,10.3873628440373,-0.00119489013477507
22.5299681896862,8.02199565618633,11.0885708651744,0.388163589169251
11.3592667925468,7.8495066323221,8.89891971644289,0.162211677207271
22.3281744617041,2.4079625306477,9.03382738504218,-1.43782294624596
6.00799560580541,7.79353471472735,10.0218208161492,-0.179715383896111
12.7041596992581,0.282409697886008,9.82044856135251,-0.0139220363894698
18.2468059597166,3.4594879376903,9.09581820477701,-0.795800238277662
9.67303941844153,0.0263333471510965,11.1118379524935,0.642161008396888
4.43284064688944,3.45535587589731,8.51795100919785,0.0322825575630377
3.7130430271992,4.85190938210087,10.3133090289372,-0.0970269045527423
16.1282070373871,8.16980328102885,11.6943777398323,-0.0553932967654268
18.5417733551105,0.208874281318391,11.4427197996114,-0.188865094645488
10.1700651982299,0.316042012696889,10.1933477770064,0.514101366875637
24.3790857881466,1.43704801821681,10.3182791578859,1.3355898641475
20.4247134690339,5.63571534974798,9.97278488232068,-2.65611525917177
29.4199041550673,7.80771697282189,8.98129972834116,-0.180881266085181
10.9790726982932,3.94998886484348,10.9369171607379,0.641080041909377
26.0038947685211,5.46225147690056,10.1886057634489,-1.95778241339245
36.7557393832342,4.04709928844297,10.7765134469978,0.372685437605109
11.7947684331154,0.23398309646543,10.1286454913032,1.23899572416099
34.0494347282564,4.51368291941196,10.8416583394218,0.250899083705197
7.17017895610663,8.52103110694654,11.4011792246204,-0.0778059504430098
36.8510246076136,7.8906349894106,9.1230240178908,0.116560257060426
6.40598034084968,4.40618207828639,10.6589938374797,-0.365134809944981
30.3177305164975,3.55069942521159,10.814385155018,-0.0102857291293617
6.12329913157386,8.04657931644714,10.2422617542797,-0.346028926053614
33.7181712296621,8.20612046422867,9.08944489549695,0.236548728107865
24.7849232329937,7.93269150562861,8.73551358299481,0.279671697454416
38.0259347270827,4.55556856263563,10.7763947583543,0.870757821560753
12.4576830409098,8.83247111544447,9.78086904667819,-0.114945538982291
3.25372271761923,7.50836344414455,10.1706333509655,-0.0546036416250729
25.1578482816982,5.61064972709612,9.12436284044272,-1.80161305226684
41.7459572506932,8.00528519762053,9.35339756359646,0.536572410407883
20.2799430377358,7.41176288081165,10.3161321305405,-1.31911912263422
30.937286207947,4.16545682586177,9.80722435589391,-0.148435778496118
13.8489222024445,8.11336306867294,10.1392687616703,0.0980047241369083
21.1819089027051,0.451776467942716,8.81264475015789,0.0753825040911699
31.7085792664614,8.25927610859847,10.5227952413653,0.254205495599051
20.6089196608215,2.49283039137011,9.97837792673266,-1.35763968794469
0.954943775031063,0.954403313412973,10.6105655317035,-0.00204398582368581
7.74237560633699,7.84847329680822,10.7621835616563,-0.0173231844109506
29.725156869546,5.05982220392746,9.01348650216327,-1.67537456301609
23.360671567689,3.90369015149839,10.4720477468387,0.114906208140372
8.1513971566245,4.30910615645343,10.8770924996442,-0.0547074844651985
3.71459120444752,7.84902374367975,7.74648288274107,-0.0720326411494654
6.19765408807564,4.41693177196533,9.68100852891928,0.191454583255035
15.6740954414506,7.55708294640942,10.0521905932041,-1.39936760871796
27.144441057635,-0.0943598197725857,8.38334528067723,-0.161209483944974
9.11931374459765,3.92703811530033,9.45196340676349,0.0534697483198011
14.1844130079982,7.46099943178499,10.1936120091073,0.18160613106761
9.24679050244512,0.107476641694566,8.87434708762752,0.553978937433536
29.4263854544976,-0.200797542746964,9.57588449827779,-0.260774466086478
30.1706726502344,4.85934195877913,8.88884831947082,-1.69506941816267
31.0839533145676,6.79734706255714,10.9044210210611,1.79654337914888
1.28176601885241,8.05560403269259,8.00930838710518,0.00124378646538876
32.599831555496,0.398031551038611,8.78504993679116,-1.15574685248583
2.50270257969107,3.51594892615189,8.93946733381172,-0.0396726587204039
13.0725098664587,3.70953894503336,11.2073530150911,-1.18988730312649
28.2856382344555,0.314868749295603,8.25223247839953,-1.32134572368905
30.1019822120556,5.50912800529348,10.7519681668249,-1.89267273037766
29.5324056847766,3.61166233240308,11.1526637806501,1.74570602071168
30.7455229449233,4.80462495888651,10.086777535802,-1.21646030594312
5.30920657593504,-0.0638146850884203,9.48729270648508,-0.0015811892271255
2.70676853902992,4.14324841513408,10.0287982553075,0.0591965864574542
40.4542310761661,4.23877465778956,11.5977531458238,-0.118473179740322
43.2428947486599,7.88810735133746,10.4773862556,0.372697776259574
2.42832664903175,3.6551259509863,11.5632487711279,0.0121783446230017
1.10373948105061,3.47881693247426,12.263150002379,0.00135494283714844
7.57206184051343,0.439652396819321,9.72030052157998,-0.0587359565048078
11.4421728361114,7.18873301860761,8.50998971778783,-0.597927994842185
35.9498967364772,4.62178874940787,8.87588954836775,-0.757242240369409
24.3485304224655,5.54442578737431,9.27743234921878,-1.39144041112971
12.921198179089,0.210359885671312,10.4752013420424,1.14577647602719
35.2178466675593,3.60976169807924,11.9732894121826,1.2463323853303
16.6304623000134,-0.249272261699055,11.2370977388881,0.126529954945042
4.11694314426488,-0.844740584558622,9.81098308901952,0.0211809408374069
32.50012557469,4.85379695223086,9.0591104083748,-1.61822747082879
26.9162302987029,7.76015169224857,11.938317387647,-0.0506597348427329
6.51464447902679,8.22755208423344,11.4275305054805,-0.282519462620343
38.4581180827439,0.492796124445099,10.1133466563475,0.0567284964188291
2.51025008903778,3.89569912126648,10.4576030603024,-0.00170362914344983
15.0107538641567,7.88431079785185,10.8486132926757,-0.039348620008701
4.76476266072216,0.283424594434228,9.93421512773936,0.111951162107753
22.2478042605183,1.33265070500384,10.2845917040407,1.73736216018851
34.3347636624054,-0.0551627603400306,8.4451959241116,-0.104857116234162
